Car -1 -1 -4.1106 16.0331 178.7016 149.9050 230.9197 1.4342 1.4853 3.6457 -15.9963 1.6276 22.0666 -4.7323 0.9161
Car -1 -1 -7.8268 586.2759 175.4171 617.6533 204.0923 1.4403 1.5754 3.5228 -0.4276 1.5824 38.3311 -7.8384 0.8432
Car -1 -1 -7.7472 530.9204 175.3981 563.4184 200.6035 1.5276 1.6715 3.7981 -4.0001 1.6964 46.0326 -7.8338 0.8117
Car -1 -1 -4.1306 108.2105 176.9830 209.1480 212.6561 1.4036 1.5441 4.3344 -19.3367 1.5937 31.0848 -4.6834 0.3987
Pedestrian -1 -1 -7.6648 377.5161 167.3429 400.3596 215.3376 1.7561 0.6933 0.6892 -8.2445 1.5541 26.7798 -7.9611 0.3875
Pedestrian -1 -1 -4.2342 359.0654 170.6619 384.8035 215.9759 1.7749 0.7127 0.7362 -9.5026 1.6887 28.6821 -4.5518 0.2909
Pedestrian -1 -1 -7.7504 1050.8562 159.4176 1076.1731 212.0164 1.7417 0.6668 0.6168 15.2524 1.2965 24.3406 -7.1964 0.2727
Car -1 -1 -3.8302 0.0000 177.4186 46.8016 234.1739 1.5088 1.6715 3.9677 -19.4738 1.6584 21.6064 -4.5577 0.2416
Pedestrian -1 -1 -7.0960 937.7586 164.1016 955.7824 200.1211 1.7988 0.5928 0.5726 16.9544 1.3614 36.4152 -6.6636 0.2363
Cyclist -1 -1 -5.2291 914.2571 173.0868 945.7705 213.4936 1.7263 0.5002 1.6657 13.9950 1.7365 31.6906 -4.8172 0.1954
Pedestrian -1 -1 -6.4216 354.1387 171.2048 375.1867 212.0048 1.7428 0.6593 0.7811 -10.6846 1.6721 31.2916 -6.7484 0.1607
Car -1 -1 -4.5295 432.3401 175.5997 458.3623 192.8283 1.4711 1.5677 3.9427 -14.6484 1.7230 64.2513 -4.7530 0.1438
Car -1 -1 -4.6840 5.7860 179.5828 54.7360 217.7893 1.6308 1.6496 4.3083 -27.1218 1.9664 33.7975 -5.3566 0.1211
Pedestrian -1 -1 -6.8068 1032.0891 165.7831 1048.1073 202.7899 1.6914 0.5698 0.4013 19.7834 1.3679 33.2643 -6.2745 0.1142
Car -1 -1 -4.6523 0.0000 184.3677 30.2931 210.0720 1.5543 1.5255 3.9670 -39.3137 2.3451 47.5227 -5.3408 0.1132
Car -1 -1 -4.4567 456.5895 176.5556 503.0691 206.3522 1.5052 1.5659 3.7404 -6.9897 1.7141 38.8529 -4.6339 0.1112
